              precision    recall  f1-score   support

           0       0.00      0.00      0.00      2000
           1       0.92      1.00      0.96      2000
           2       0.00      0.00      0.00      2000
           3       0.74      1.00      0.85      2000
           4       1.00      1.00      1.00      2000
           5       0.91      1.00      0.95      2000
           6       1.00      1.00      1.00      2000
           7       0.92      1.00      0.96      2000
           8       0.78      1.00      0.88      2000
           9       0.95      0.99      0.97      2000
           A       0.99      1.00      0.99      2000
           B       0.00      0.00      0.00      2000
           C       0.99      1.00      1.00      2000
           D       0.92      1.00      0.95      2000
           E       0.77      0.99      0.87      2000
           F       0.88      0.98      0.92      2000
           G       0.97      1.00      0.98      2000
           H       0.97      1.00      0.98      2000
           I       0.24      1.00      0.38      2000
           J       1.00      1.00      1.00      2000
           K       1.00      1.00      1.00      2000
           L       1.00      1.00      1.00      2000
           M       1.00      1.00      1.00      2000
           N       1.00      1.00      1.00      2000
           O       0.61      1.00      0.75      2000
           P       0.89      1.00      0.94      2000
           Q       1.00      1.00      1.00      2000
           R       0.89      1.00      0.94      2000
           S       1.00      1.00      1.00      2000
           T       0.00      0.00      0.00      2000
           U       0.79      1.00      0.88      2000
           V       0.98      1.00      0.99      2000
           W       1.00      1.00      1.00      2000
           X       0.88      1.00      0.94      2000
           Y       0.00      0.00      0.00      2000
           Z       0.00      0.00      0.00      2000
       arrow       1.00      1.00      1.00      2000

    accuracy                           0.84     74000
   macro avg       0.76      0.84      0.79     74000
weighted avg       0.76      0.84      0.79     74000
