              precision    recall  f1-score   support

           0       0.50      0.99      0.67      2000
           1       0.97      1.00      0.99      2000
           2       1.00      1.00      1.00      2000
           3       0.98      1.00      0.99      2000
           4       1.00      1.00      1.00      2000
           5       1.00      0.99      1.00      2000
           6       0.98      1.00      0.99      2000
           7       0.99      0.98      0.99      2000
           8       0.00      0.00      0.00      2000
           9       0.99      1.00      1.00      2000
           A       1.00      1.00      1.00      2000
           B       0.93      1.00      0.96      2000
           C       0.99      1.00      1.00      2000
           D       0.99      1.00      1.00      2000
           E       0.96      0.98      0.97      2000
           F       0.99      0.92      0.95      2000
           G       1.00      0.99      0.99      2000
           H       1.00      0.99      0.99      2000
           I       0.54      1.00      0.70      2000
           J       1.00      0.99      0.99      2000
           K       0.57      1.00      0.73      2000
           L       1.00      1.00      1.00      2000
           M       0.98      1.00      0.99      2000
           N       0.32      1.00      0.49      2000
           O       0.00      0.00      0.00      2000
           P       1.00      0.98      0.99      2000
           Q       0.98      1.00      0.99      2000
           R       0.00      0.00      0.00      2000
           S       0.99      1.00      1.00      2000
           T       0.00      0.00      0.00      2000
           U       0.99      1.00      0.99      2000
           V       0.99      1.00      1.00      2000
           W       1.00      0.99      0.99      2000
           X       0.00      0.00      0.00      2000
           Y       0.82      1.00      0.90      2000
           Z       0.98      1.00      0.99      2000
       arrow       1.00      1.00      1.00      2000

    accuracy                           0.86     74000
   macro avg       0.80      0.86      0.82     74000
weighted avg       0.80      0.86      0.82     74000
