              precision    recall  f1-score   support

           0       0.46      0.95      0.62      2000
           1       0.74      0.99      0.85      2000
           2       0.88      0.96      0.92      2000
           3       0.93      0.99      0.96      2000
           4       0.95      1.00      0.97      2000
           5       1.00      0.99      0.99      2000
           6       1.00      0.99      0.99      2000
           7       0.00      0.00      0.00      2000
           8       0.99      0.94      0.96      2000
           9       0.99      0.99      0.99      2000
           A       0.99      0.98      0.99      2000
           B       0.81      0.96      0.88      2000
           C       0.96      0.99      0.97      2000
           D       0.77      0.97      0.86      2000
           E       0.00      0.00      0.00      2000
           F       0.40      1.00      0.57      2000
           G       0.98      0.98      0.98      2000
           H       0.90      0.99      0.94      2000
           I       0.54      0.96      0.69      2000
           J       0.00      0.00      0.00      2000
           K       0.99      0.99      0.99      2000
           L       0.95      0.99      0.97      2000
           M       1.00      0.99      1.00      2000
           N       1.00      0.97      0.99      2000
           O       0.92      0.76      0.83      2000
           P       0.00      0.00      0.00      2000
           Q       0.90      0.98      0.94      2000
           R       0.91      0.95      0.93      2000
           S       0.95      0.99      0.97      2000
           T       0.00      0.00      0.00      2000
           U       0.00      0.00      0.00      2000
           V       0.64      0.99      0.78      2000
           W       0.96      1.00      0.98      2000
           X       0.99      0.98      0.99      2000
           Y       0.70      0.98      0.82      2000
           Z       0.62      0.97      0.76      2000
       arrow       0.96      1.00      0.98      2000

    accuracy                           0.82     74000
   macro avg       0.72      0.82      0.76     74000
weighted avg       0.72      0.82      0.76     74000
