              precision    recall  f1-score   support

           0       0.50      1.00      0.67      2000
           1       1.00      1.00      1.00      2000
           2       0.49      1.00      0.66      2000
           3       1.00      1.00      1.00      2000
           4       1.00      1.00      1.00      2000
           5       1.00      1.00      1.00      2000
           6       1.00      1.00      1.00      2000
           7       1.00      1.00      1.00      2000
           8       1.00      1.00      1.00      2000
           9       0.64      1.00      0.78      2000
           A       1.00      1.00      1.00      2000
           B       0.99      1.00      0.99      2000
           C       1.00      1.00      1.00      2000
           D       0.97      1.00      0.99      2000
           E       0.87      1.00      0.93      2000
           F       0.00      0.00      0.00      2000
           G       1.00      1.00      1.00      2000
           H       1.00      1.00      1.00      2000
           I       0.99      0.97      0.98      2000
           J       1.00      1.00      1.00      2000
           K       1.00      0.99      1.00      2000
           L       1.00      1.00      1.00      2000
           M       1.00      1.00      1.00      2000
           N       1.00      1.00      1.00      2000
           O       0.00      0.00      0.00      2000
           P       0.00      0.00      0.00      2000
           Q       1.00      1.00      1.00      2000
           R       0.82      1.00      0.90      2000
           S       1.00      1.00      1.00      2000
           T       0.97      1.00      0.98      2000
           U       0.98      1.00      0.99      2000
           V       1.00      1.00      1.00      2000
           W       1.00      1.00      1.00      2000
           X       1.00      1.00      1.00      2000
           Y       1.00      1.00      1.00      2000
           Z       1.00      1.00      1.00      2000
       arrow       0.99      1.00      1.00      2000

    accuracy                           0.92     74000
   macro avg       0.87      0.92      0.89     74000
weighted avg       0.87      0.92      0.89     74000
