              precision    recall  f1-score   support

           0       0.57      0.97      0.71      2000
           1       0.99      0.99      0.99      2000
           2       0.94      1.00      0.97      2000
           3       0.98      0.98      0.98      2000
           4       0.99      0.99      0.99      2000
           5       0.98      0.99      0.99      2000
           6       0.97      0.99      0.98      2000
           7       0.98      0.97      0.98      2000
           8       0.00      0.00      0.00      2000
           9       0.00      0.00      0.00      2000
           A       0.98      1.00      0.99      2000
           B       0.55      0.97      0.71      2000
           C       0.96      1.00      0.98      2000
           D       1.00      0.94      0.97      2000
           E       0.95      0.90      0.93      2000
           F       0.88      0.96      0.92      2000
           G       0.97      0.98      0.97      2000
           H       0.94      0.99      0.97      2000
           I       0.91      0.99      0.95      2000
           J       0.97      0.99      0.98      2000
           K       0.99      1.00      1.00      2000
           L       0.85      1.00      0.92      2000
           M       0.98      0.99      0.99      2000
           N       0.99      1.00      0.99      2000
           O       0.93      0.98      0.95      2000
           P       0.80      0.97      0.88      2000
           Q       0.88      0.97      0.92      2000
           R       0.65      0.98      0.78      2000
           S       0.98      0.99      0.98      2000
           T       0.99      0.90      0.95      2000
           U       0.00      0.00      0.00      2000
           V       0.92      0.98      0.95      2000
           W       0.99      0.99      0.99      2000
           X       0.81      1.00      0.90      2000
           Y       1.00      0.93      0.96      2000
           Z       0.96      0.99      0.97      2000
       arrow       0.99      1.00      0.99      2000

    accuracy                           0.90     74000
   macro avg       0.84      0.90      0.87     74000
weighted avg       0.84      0.90      0.87     74000
