              precision    recall  f1-score   support

           0       0.99      1.00      0.99      2000
           1       1.00      1.00      1.00      2000
           2       1.00      1.00      1.00      2000
           3       1.00      1.00      1.00      2000
           4       1.00      1.00      1.00      2000
           5       1.00      1.00      1.00      2000
           6       1.00      1.00      1.00      2000
           7       0.99      1.00      1.00      2000
           8       1.00      1.00      1.00      2000
           9       1.00      1.00      1.00      2000
           A       1.00      1.00      1.00      2000
           B       0.98      1.00      0.99      2000
           C       0.80      1.00      0.89      2000
           D       1.00      1.00      1.00      2000
           E       0.00      0.00      0.00      2000
           F       0.86      1.00      0.92      2000
           G       0.65      1.00      0.79      2000
           H       1.00      1.00      1.00      2000
           I       1.00      0.94      0.97      2000
           J       1.00      1.00      1.00      2000
           K       1.00      1.00      1.00      2000
           L       0.97      1.00      0.98      2000
           M       1.00      1.00      1.00      2000
           N       1.00      1.00      1.00      2000
           O       1.00      1.00      1.00      2000
           P       1.00      1.00      1.00      2000
           Q       1.00      1.00      1.00      2000
           R       1.00      1.00      1.00      2000
           S       1.00      1.00      1.00      2000
           T       0.94      1.00      0.97      2000
           U       1.00      0.99      1.00      2000
           V       1.00      1.00      1.00      2000
           W       1.00      1.00      1.00      2000
           X       1.00      1.00      1.00      2000
           Y       1.00      1.00      1.00      2000
           Z       1.00      0.99      1.00      2000
       arrow       1.00      1.00      1.00      2000

    accuracy                           0.97     74000
   macro avg       0.95      0.97      0.96     74000
weighted avg       0.95      0.97      0.96     74000
