              precision    recall  f1-score   support

           0       0.50      1.00      0.67      2000
           1       0.99      1.00      1.00      2000
           2       0.00      0.00      0.00      2000
           3       1.00      1.00      1.00      2000
           4       1.00      1.00      1.00      2000
           5       1.00      1.00      1.00      2000
           6       0.37      1.00      0.54      2000
           7       0.00      0.00      0.00      2000
           8       0.99      1.00      0.99      2000
           9       0.98      1.00      0.99      2000
           A       1.00      1.00      1.00      2000
           B       0.99      1.00      1.00      2000
           C       0.45      1.00      0.62      2000
           D       1.00      0.99      1.00      2000
           E       0.00      0.00      0.00      2000
           F       0.86      1.00      0.92      2000
           G       0.00      0.00      0.00      2000
           H       0.68      1.00      0.81      2000
           I       0.99      0.99      0.99      2000
           J       0.99      1.00      1.00      2000
           K       1.00      1.00      1.00      2000
           L       1.00      1.00      1.00      2000
           M       0.87      1.00      0.93      2000
           N       0.00      0.00      0.00      2000
           O       0.00      0.00      0.00      2000
           P       0.99      1.00      1.00      2000
           Q       1.00      1.00      1.00      2000
           R       1.00      1.00      1.00      2000
           S       1.00      1.00      1.00      2000
           T       1.00      0.99      0.99      2000
           U       0.99      1.00      1.00      2000
           V       0.48      1.00      0.65      2000
           W       0.77      1.00      0.87      2000
           X       0.00      0.00      0.00      2000
           Y       1.00      1.00      1.00      2000
           Z       0.98      1.00      0.99      2000
       arrow       0.53      1.00      0.69      2000

    accuracy                           0.81     74000
   macro avg       0.71      0.81      0.75     74000
weighted avg       0.71      0.81      0.75     74000
