              precision    recall  f1-score   support

           0       1.00      0.99      0.99      2000
           1       1.00      1.00      1.00      2000
           2       0.00      0.00      0.00      2000
           3       1.00      1.00      1.00      2000
           4       0.49      1.00      0.66      2000
           5       1.00      1.00      1.00      2000
           6       0.00      0.00      0.00      2000
           7       1.00      1.00      1.00      2000
           8       1.00      1.00      1.00      2000
           9       0.97      1.00      0.98      2000
           A       0.42      1.00      0.59      2000
           B       1.00      1.00      1.00      2000
           C       1.00      1.00      1.00      2000
           D       1.00      1.00      1.00      2000
           E       0.99      0.96      0.98      2000
           F       0.96      0.99      0.98      2000
           G       0.99      1.00      0.99      2000
           H       0.69      1.00      0.82      2000
           I       1.00      0.99      0.99      2000
           J       1.00      1.00      1.00      2000
           K       1.00      1.00      1.00      2000
           L       1.00      1.00      1.00      2000
           M       1.00      1.00      1.00      2000
           N       1.00      1.00      1.00      2000
           O       0.98      0.99      0.99      2000
           P       1.00      0.99      1.00      2000
           Q       0.00      0.00      0.00      2000
           R       0.99      1.00      0.99      2000
           S       0.99      1.00      0.99      2000
           T       0.99      1.00      0.99      2000
           U       1.00      1.00      1.00      2000
           V       1.00      1.00      1.00      2000
           W       1.00      1.00      1.00      2000
           X       1.00      1.00      1.00      2000
           Y       1.00      1.00      1.00      2000
           Z       0.96      1.00      0.98      2000
       arrow       1.00      1.00      1.00      2000

    accuracy                           0.92     74000
   macro avg       0.88      0.92      0.89     74000
weighted avg       0.88      0.92      0.89     74000
