              precision    recall  f1-score   support

           0       0.00      0.00      0.00      2000
           1       0.73      1.00      0.84      2000
           2       1.00      1.00      1.00      2000
           3       1.00      1.00      1.00      2000
           4       0.71      1.00      0.83      2000
           5       1.00      1.00      1.00      2000
           6       0.00      0.00      0.00      2000
           7       0.99      1.00      0.99      2000
           8       0.66      1.00      0.79      2000
           9       0.99      0.99      0.99      2000
           A       0.00      0.00      0.00      2000
           B       0.99      1.00      0.99      2000
           C       0.99      1.00      1.00      2000
           D       0.99      1.00      0.99      2000
           E       0.93      0.99      0.96      2000
           F       0.96      0.92      0.94      2000
           G       0.64      1.00      0.78      2000
           H       1.00      1.00      1.00      2000
           I       0.65      1.00      0.79      2000
           J       1.00      1.00      1.00      2000
           K       1.00      1.00      1.00      2000
           L       1.00      1.00      1.00      2000
           M       0.97      1.00      0.98      2000
           N       1.00      1.00      1.00      2000
           O       0.52      1.00      0.68      2000
           P       1.00      0.99      1.00      2000
           Q       0.00      0.00      0.00      2000
           R       0.99      1.00      0.99      2000
           S       0.41      1.00      0.58      2000
           T       0.00      0.00      0.00      2000
           U       0.91      1.00      0.95      2000
           V       1.00      1.00      1.00      2000
           W       1.00      1.00      1.00      2000
           X       1.00      1.00      1.00      2000
           Y       0.97      1.00      0.98      2000
           Z       0.99      1.00      1.00      2000
       arrow       1.00      1.00      1.00      2000

    accuracy                           0.86     74000
   macro avg       0.78      0.86      0.81     74000
weighted avg       0.78      0.86      0.81     74000
