              precision    recall  f1-score   support

           0       0.85      1.00      0.92      2000
           1       0.93      1.00      0.96      2000
           2       1.00      1.00      1.00      2000
           3       0.99      1.00      1.00      2000
           4       0.99      1.00      0.99      2000
           5       1.00      1.00      1.00      2000
           6       0.00      0.00      0.00      2000
           7       0.83      1.00      0.91      2000
           8       1.00      1.00      1.00      2000
           9       1.00      1.00      1.00      2000
           A       1.00      1.00      1.00      2000
           B       1.00      1.00      1.00      2000
           C       1.00      1.00      1.00      2000
           D       1.00      1.00      1.00      2000
           E       0.00      0.00      0.00      2000
           F       0.83      1.00      0.91      2000
           G       0.50      1.00      0.66      2000
           H       1.00      1.00      1.00      2000
           I       0.78      1.00      0.88      2000
           J       0.86      1.00      0.92      2000
           K       0.57      1.00      0.72      2000
           L       0.69      1.00      0.81      2000
           M       1.00      1.00      1.00      2000
           N       1.00      1.00      1.00      2000
           O       0.98      0.99      0.99      2000
           P       1.00      1.00      1.00      2000
           Q       1.00      1.00      1.00      2000
           R       1.00      1.00      1.00      2000
           S       1.00      1.00      1.00      2000
           T       0.00      0.00      0.00      2000
           U       0.00      0.00      0.00      2000
           V       0.81      1.00      0.89      2000
           W       0.99      1.00      0.99      2000
           X       1.00      1.00      1.00      2000
           Y       0.74      1.00      0.85      2000
           Z       0.98      1.00      0.99      2000
       arrow       0.99      1.00      0.99      2000

    accuracy                           0.89     74000
   macro avg       0.82      0.89      0.85     74000
weighted avg       0.82      0.89      0.85     74000
