              precision    recall  f1-score   support

           0       0.00      0.00      0.00      2000
           1       0.00      0.00      0.00      2000
           2       0.80      0.97      0.88      2000
           3       0.96      0.98      0.97      2000
           4       0.00      0.00      0.00      2000
           5       0.88      0.96      0.92      2000
           6       0.67      0.98      0.79      2000
           7       0.89      0.98      0.93      2000
           8       0.98      0.85      0.91      2000
           9       0.90      0.98      0.94      2000
           A       0.86      0.97      0.91      2000
           B       0.97      0.86      0.91      2000
           C       0.86      0.98      0.92      2000
           D       0.38      0.93      0.54      2000
           E       0.00      0.00      0.00      2000
           F       0.46      0.99      0.63      2000
           G       0.81      0.98      0.89      2000
           H       0.96      0.97      0.97      2000
           I       0.00      0.00      0.00      2000
           J       0.97      0.98      0.97      2000
           K       0.94      0.98      0.96      2000
           L       0.95      0.99      0.97      2000
           M       0.99      0.94      0.96      2000
           N       0.99      0.94      0.96      2000
           O       0.00      0.00      0.00      2000
           P       0.87      0.97      0.92      2000
           Q       0.74      0.97      0.84      2000
           R       0.79      0.96      0.87      2000
           S       0.98      0.93      0.96      2000
           T       0.37      0.96      0.54      2000
           U       0.79      0.97      0.87      2000
           V       0.98      0.97      0.98      2000
           W       0.95      0.99      0.97      2000
           X       0.93      0.92      0.92      2000
           Y       0.92      0.96      0.94      2000
           Z       0.98      0.64      0.77      2000
       arrow       0.99      0.98      0.99      2000

    accuracy                           0.80     74000
   macro avg       0.72      0.80      0.74     74000
weighted avg       0.72      0.80      0.74     74000
