              precision    recall  f1-score   support

           0       0.00      0.00      0.00      2000
           1       0.85      1.00      0.92      2000
           2       0.84      1.00      0.92      2000
           3       0.99      0.99      0.99      2000
           4       0.00      0.00      0.00      2000
           5       0.95      1.00      0.98      2000
           6       0.87      0.98      0.93      2000
           7       1.00      1.00      1.00      2000
           8       0.94      0.99      0.97      2000
           9       0.00      0.00      0.00      2000
           A       0.71      1.00      0.83      2000
           B       0.87      0.97      0.92      2000
           C       0.99      1.00      0.99      2000
           D       0.88      0.99      0.93      2000
           E       0.00      0.00      0.00      2000
           F       0.53      1.00      0.69      2000
           G       0.68      1.00      0.81      2000
           H       0.00      0.00      0.00      2000
           I       0.99      0.95      0.97      2000
           J       0.90      1.00      0.95      2000
           K       0.98      0.99      0.98      2000
           L       0.82      1.00      0.90      2000
           M       0.00      0.00      0.00      2000
           N       0.00      0.00      0.00      2000
           O       0.30      1.00      0.47      2000
           P       0.69      0.99      0.81      2000
           Q       0.00      0.00      0.00      2000
           R       0.93      0.98      0.96      2000
           S       0.98      0.99      0.99      2000
           T       0.97      0.99      0.98      2000
           U       0.00      0.00      0.00      2000
           V       0.81      0.99      0.89      2000
           W       0.29      1.00      0.45      2000
           X       1.00      1.00      1.00      2000
           Y       0.74      0.97      0.84      2000
           Z       0.94      1.00      0.97      2000
       arrow       0.82      1.00      0.90      2000

    accuracy                           0.75     74000
   macro avg       0.63      0.75      0.67     74000
weighted avg       0.63      0.75      0.67     74000
