              precision    recall  f1-score   support

           0       0.99      0.99      0.99      2000
           1       1.00      1.00      1.00      2000
           2       1.00      1.00      1.00      2000
           3       1.00      1.00      1.00      2000
           4       1.00      1.00      1.00      2000
           5       1.00      1.00      1.00      2000
           6       1.00      1.00      1.00      2000
           7       1.00      1.00      1.00      2000
           8       1.00      1.00      1.00      2000
           9       1.00      1.00      1.00      2000
           A       1.00      1.00      1.00      2000
           B       1.00      1.00      1.00      2000
           C       1.00      1.00      1.00      2000
           D       1.00      1.00      1.00      2000
           E       0.99      0.99      0.99      2000
           F       0.99      0.98      0.99      2000
           G       1.00      1.00      1.00      2000
           H       1.00      1.00      1.00      2000
           I       1.00      0.98      0.99      2000
           J       1.00      1.00      1.00      2000
           K       1.00      1.00      1.00      2000
           L       1.00      1.00      1.00      2000
           M       1.00      1.00      1.00      2000
           N       1.00      1.00      1.00      2000
           O       0.99      0.99      0.99      2000
           P       1.00      1.00      1.00      2000
           Q       1.00      1.00      1.00      2000
           R       1.00      1.00      1.00      2000
           S       1.00      1.00      1.00      2000
           T       0.99      1.00      0.99      2000
           U       1.00      1.00      1.00      2000
           V       1.00      1.00      1.00      2000
           W       1.00      1.00      1.00      2000
           X       1.00      1.00      1.00      2000
           Y       1.00      1.00      1.00      2000
           Z       0.99      1.00      1.00      2000
       arrow       1.00      1.00      1.00      2000

    accuracy                           1.00     74000
   macro avg       1.00      1.00      1.00     74000
weighted avg       1.00      1.00      1.00     74000
